; максимальные левелы в группе для всех проф в зависимости от количества ремортов
; первая колонка -- количество ремортов
;
;морт	клер	колд	тать	бтр	наем	друж	кудес	волш	черн	витя	охот	кузн	купец	волхв
0	5	5	5	5	5	5	5	5	5	5	5	5	5	5
1	5	5	5	5	5	5	5	5	5	5	5	5	5	5
2	5	5	5	5	5	6	5	5	5	5	5	5	5	5
3	5	5	5	5	5	6	5	5	5	5	5	5	5	5
4	5	5	5	5	5	7	5	5	5	5	5	5	5	5
5	6	6	5	5	5	7	5	5	5	5	5	5	5	5
6	6	6	5	5	5	8	6	6	6	5	5	5	5	6
7	7	6	5	5	6	8	6	6	6	5	5	5	5	6
8	7	7	5	6	6	8	6	6	6	5	5	5	6	7
9	8	7	5	7	6	9	7	7	7	6	6	6	6	7
10	8	7	5	7	7	9	7	7	7	6	6	6	7	8
11	9	8	5	8	7	9	8	8	8	7	7	7	7	8
12	9	8	6	8	8	10	8	8	8	7	7	7	8	9
13	9	8	6	9	8	10	8	9	9	8	8	8	8	9
14	10	9	7	9	9	10	9	9	9	8	8	8	8	9
15	10	9	7	9	9	11	9	9	9	8	8	8	9	10
16	10	9	7	9	9	11	9	9	9	9	9	9	9	10
17	10	10	8	10	9	11	9	9	9	9	9	9	9	10
18	11	10	8	10	10	12	10	10	10	9	9	9	9	10
19	11	10	8	10	10	12	10	10	10	9	9	9	10	10
20	11	10	9	10	10	12	10	10	10	10	10	10	10	11
21	11	11	9	11	10	13	10	10	10	10	10	10	10	11
22	11	11	9	11	11	13	11	11	11	10	10	10	11	11
23	12	11	10	11	11	13	11	11	11	10	10	10	11	11
24	12	11	10	11	11	14	11	11	11	10	10	10	11	11
25	12	12	11	11	11	14	12	12	12	11	11	11	11	12
26	12	12	11	11	11	14	12	12	12	11	11	11	11	12
27	12	12	11	11	11	14	12	12	12	11	11	11	11	12
28	12	12	11	11	11	14	12	12	12	11	11	11	11	12
29	12	12	11	11	11	14	12	12	12	11	11	11	11	12
30	12	12	11	11	11	14	12	12	12	11	11	11	11	12
31	13	13	11	11	11	14	12	13	13	11	11	11	11	12
32	13	13	11	12	11	14	12	13	13	12	12	12	11	12
33	13	13	11	12	11	14	12	13	13	12	12	12	11	12
34	13	13	11	12	11	14	12	13	13	12	12	12	11	12
35	14	14	11	12	11	14	12	14	14	12	12	12	12	12
36	14	14	11	13	11	14	12	14	14	13	13	13	12	13
37	14	14	11	13	11	14	12	14	14	13	13	13	13	13
38	14	14	11	13	11	14	12	14	14	13	13	13	13	13
39	14	14	11	13	11	14	12	14	14	13	13	13	13	13
40	14	14	11	14	11	14	13	14	14	14	14	14	14	14
41	14	14	11	14	11	14	13	14	14	14	14	14	14	14
42	14	14	11	14	11	14	13	14	14	14	14	14	14	14
43	14	14	11	14	11	14	13	14	14	14	14	14	14	14
44	14	14	11	14	11	14	14	14	14	14	14	14	14	14
45	14	14	11	14	11	14	14	14	14	14	14	14	14	14
46	14	14	11	14	11	14	14	14	14	14	14	14	14	14
47	14	14	11	14	11	14	14	14	14	14	14	14	14	14
48	14	14	11	14	11	14	14	14	14	14	14	14	14	14
49	14	14	11	14	11	14	14	14	14	14	14	14	14	14
50	14	14	11	14	11	14	14	14	14	14	14	14	14	14
;
; последняя строка данных должна содержать символ перехода на новую строку!

