; максимальные левелы в группе для всех проф в зависимости от количества ремортов
; первая колонка -- количество ремортов
;
;	клер	колд	тать	бтр	наем	друж	кудес	волш	черн	витя	охот	кузн	купец	волхв
0	5	5	5	5	5	5	5	5	5	5	5	5	5	5
1	5	5	5	5	5	5	5	5	5	5	5	5	5	5
2	5	5	5	5	5	5	5	5	5	5	5	5	5	5
3	5	5	5	5	5	5	5	5	5	5	5	5	5	5
4	5	5	5	5	5	5	5	5	5	5	5	5	5	5
5	6	6	5	5	5	5	5	5	5	5	5	5	5	6
6	6	6	5	5	5	5	6	6	6	5	5	5	5	6
7	6	6	5	5	5	6	6	6	6	5	5	5	5	6
8	7	7	5	6	5	6	6	6	6	5	5	5	6	7
9	9	7	5	7	6	6	7	7	7	6	6	6	6	8
10	9	8	5	7	6	7	7	7	7	7	7	7	7	8
11	10	8	5	8	7	7	8	8	8	7	7	7	7	8
12	10	8	6	8	7	8	8	8	8	7	7	7	8	9
13	10	9	6	9	8	8	9	9	9	8	8	8	8	9
14	11	9	7	9	8	9	9	9	9	8	8	8	8	10
